name: tensorflow
channels:
  - conda-forge
  - defaults
dependencies:
  - asttokens=2.4.1=pyhd8ed1ab_0
  - backcall=0.2.0=pyh9f0ad1d_0
  - blas=1.0=mkl
  - bottleneck=1.3.7=py38h9128911_0
  - ca-certificates=2024.7.4=h56e8100_0
  - colorama=0.4.6=pyhd8ed1ab_0
  - comm=0.2.2=pyhd8ed1ab_0
  - debugpy=1.6.7=py38hd77b12b_0
  - decorator=5.1.1=pyhd8ed1ab_0
  - executing=2.0.1=pyhd8ed1ab_0
  - importlib-metadata=8.4.0=pyha770c72_0
  - importlib_metadata=8.4.0=hd8ed1ab_0
  - intel-openmp=2023.1.0=h59b6b97_46320
  - ipykernel=6.29.5=pyh4bbf305_0
  - ipython=8.12.0=pyh08f2357_0
  - jedi=0.19.1=pyhd8ed1ab_0
  - jupyter_client=8.6.2=pyhd8ed1ab_0
  - jupyter_core=5.7.2=py38haa244fe_0
  - libffi=3.4.4=hd77b12b_1
  - libsodium=1.0.18=h8d14728_1
  - matplotlib-inline=0.1.7=pyhd8ed1ab_0
  - mkl=2023.1.0=h6b88ed4_46358
  - mkl-service=2.4.0=py38h2bbff1b_1
  - mkl_fft=1.3.8=py38h2bbff1b_0
  - mkl_random=1.2.4=py38h59b6b97_0
  - nest-asyncio=1.6.0=pyhd8ed1ab_0
  - numexpr=2.8.4=py38h7b80656_1
  - numpy=1.24.3=py38h79a8e48_1
  - numpy-base=1.24.3=py38h8a87ada_1
  - openssl=3.0.14=h827c3e9_0
  - packaging=24.1=pyhd8ed1ab_0
  - pandas=2.0.3=py38h4ed8f06_0
  - parso=0.8.4=pyhd8ed1ab_0
  - pickleshare=0.7.5=py_1003
  - pip=24.2=py38haa95532_0
  - platformdirs=4.2.2=pyhd8ed1ab_0
  - prompt-toolkit=3.0.47=pyha770c72_0
  - prompt_toolkit=3.0.47=hd8ed1ab_0
  - psutil=5.9.0=py38h2bbff1b_0
  - pure_eval=0.2.3=pyhd8ed1ab_0
  - pygments=2.18.0=pyhd8ed1ab_0
  - python=3.8.19=h1aa4202_0
  - python-dateutil=2.9.0post0=py38haa95532_2
  - python-tzdata=2023.3=pyhd3eb1b0_0
  - python_abi=3.8=2_cp38
  - pytz=2024.1=py38haa95532_0
  - pywin32=305=py38h2bbff1b_0
  - pyzmq=24.0.1=py38ha85f68a_1
  - setuptools=72.1.0=py38haa95532_0
  - six=1.16.0=pyhd3eb1b0_1
  - sqlite=3.45.3=h2bbff1b_0
  - stack_data=0.6.2=pyhd8ed1ab_0
  - tbb=2021.8.0=h59b6b97_0
  - tornado=6.2=py38h91455d4_1
  - traitlets=5.14.3=pyhd8ed1ab_0
  - typing_extensions=4.12.2=pyha770c72_0
  - ucrt=10.0.22621.0=h57928b3_0
  - vc=14.40=h2eaa2aa_0
  - vs2015_runtime=14.40.33807=h98bb1dd_0
  - wcwidth=0.2.13=pyhd8ed1ab_0
  - wheel=0.43.0=py38haa95532_0
  - zeromq=4.3.4=h0e60522_1
  - zipp=3.20.1=pyhd8ed1ab_0
  - pip:
      - absl-py==2.1.0
      - astunparse==1.6.3
      - cachetools==5.5.0
      - certifi==2024.7.4
      - charset-normalizer==3.3.2
      - contourpy==1.1.1
      - cycler==0.12.1
      - flatbuffers==24.3.25
      - fonttools==4.53.1
      - gast==0.4.0
      - google-auth==2.34.0
      - google-auth-oauthlib==1.0.0
      - google-pasta==0.2.0
      - grpcio==1.66.1
      - h5py==3.11.0
      - idna==3.8
      - importlib-resources==6.4.4
      - joblib==1.4.2
      - keras==2.13.1
      - kiwisolver==1.4.5
      - libclang==18.1.1
      - markdown==3.7
      - markupsafe==2.1.5
      - matplotlib==3.7.5
      - oauthlib==3.2.2
      - opt-einsum==3.3.0
      - pillow==10.4.0
      - protobuf==4.25.4
      - pyasn1==0.6.0
      - pyasn1-modules==0.4.0
      - pyparsing==3.1.4
      - requests==2.32.3
      - requests-oauthlib==2.0.0
      - rsa==4.9
      - scikit-learn==1.3.2
      - scipy==1.10.1
      - tensorboard==2.13.0
      - tensorboard-data-server==0.7.2
      - tensorflow==2.13.0
      - tensorflow-estimator==2.13.0
      - tensorflow-intel==2.13.0
      - tensorflow-io-gcs-filesystem==0.31.0
      - termcolor==2.4.0
      - threadpoolctl==3.5.0
      - typing-extensions==4.5.0
      - urllib3==2.2.2
      - werkzeug==3.0.4
      - wrapt==1.16.0
